1772 150 000
1200 0 1
1600 5 1
2000 5 1
2400 5 1
2800 5 1
3200 13 1
3600 13 1
4000 13 1
4400 13 1
4800 20 1
5200 20 1
5600 20 1
6000 20 1
6400 28 1
6800 28 1
7200 20 1
7400 28 1
7600 20 1
7800 13 1
8000 5 1
8400 5 1
8600 5 1
8800 5 2
9000 5 2
9200 5 2
9400 5 2
9600 13 1
10000 13 1
10200 13 1
10400 13 2
10600 13 2
10800 13 2
11000 13 2
11200 20 1
11600 20 1
11800 20 1
12000 20 2
12200 20 2
12400 20 2
12600 20 2
12800 28 1
13200 28 1
13400 28 1
13600 28 2
13800 28 2
14000 28 2
14200 28 2
14400 2 1
14600 2 1
14800 14 1
15000 14 1
15000 19 4
15200 2 1
15200 19 4
15400 2 1
15400 19 4
15600 14 1
15600 19 4
15800 14 1
16000 8 1
16200 2 4
16200 8 1
16400 2 4
16400 19 1
16600 2 4
16600 19 1
16600 25 4
16800 2 4
16800 8 1
16800 25 4
17000 8 1
17000 25 4
17200 19 1
17200 25 4
17400 19 1
17600 14 1
17800 8 4
17800 14 1
18000 8 4
18000 25 1
18200 8 4
18200 25 1
18200 31 4
18400 8 4
18400 14 1
18400 31 4
18600 14 1
18600 31 4
18800 25 1
18800 31 4
19000 25 1
19200 19 1
19400 19 1
19600 31 1
19800 31 1
20000 25 1
20200 25 1
20400 19 1
20600 19 1
20800 14 2
21200 14 1
21400 14 1
21600 19 2
22000 19 1
22200 19 1
22400 8 2
22800 8 1
23000 8 1
23200 25 2
23600 25 1
23800 25 1
24000 14 2
24400 14 1
24600 14 1
24800 19 2
25200 19 1
25400 19 1
25600 8 2
26000 8 1
26200 8 1
26400 25 1
26600 29 1
26800 25 1
27000 21 1
27200 12 1
27500 7 2
27600 7 1
27800 2 1
28000 13 1
28200 7 1
28400 13 1
28600 7 1
28800 21 1
29000 21 1
29200 21 1
29400 21 1
29600 26 1
29800 26 1
30000 26 1
30200 26 1
30400 12 1
30700 7 2
30800 7 1
31000 2 1
31200 13 1
31400 7 1
31600 13 1
31800 7 1
32000 21 1
32300 26 2
32400 26 1
32600 31 1
32800 20 1
33000 26 1
33200 20 1
33400 26 1
33600 21 1
33900 26 2
34000 26 1
34200 31 1
34400 20 1
34600 26 1
34800 20 1
35000 26 1
35200 12 1
35400 12 1
35600 12 1
35800 12 1
36000 7 1
36200 7 1
36400 7 1
36600 7 1
36800 21 1
37100 26 2
37200 26 1
37400 31 1
37600 20 1
37800 26 1
38000 20 1
38200 26 1
38400 1 4
38400 3 4
38400 30 4
38400 32 4
38400 33 3
38600 1 4
38600 3 4
38600 30 4
38600 32 4
38600 33 3
38800 1 4
38800 3 4
38800 8 2
38800 30 4
38800 32 4
38900 12 2
39000 1 4
39000 3 4
39000 8 2
39000 30 4
39000 32 4
39100 12 2
39200 1 4
39200 3 4
39200 15 2
39200 30 4
39200 32 4
39300 18 2
39400 1 4
39400 3 4
39400 15 2
39400 30 4
39400 32 4
39500 18 2
39600 1 4
39600 3 4
39600 21 2
39600 30 4
39600 32 4
39700 25 2
39800 1 4
39800 3 4
39800 21 2
39800 30 4
39800 32 4
39900 25 2
39900 90 A
40000 33 1
40400 33 1
40800 33 1
41200 33 1
41600 33 1
42000 33 1
42400 33 1
42800 33 1
43200 5 1
43400 5 1
43600 5 1
43800 5 1
44000 13 1
44200 13 1
44400 13 1
44600 13 1
44800 20 1
45000 20 1
45200 20 1
45400 20 1
45600 28 1
45800 28 1
46000 28 1
46200 25 1
46400 33 1
46500 18 2
46600 20 2
46700 22 2
46800 24 1
46900 22 2
47000 20 2
47100 18 2
47200 33 1
47300 18 2
47400 20 2
47500 22 2
47600 24 1
47700 22 2
47800 20 2
47900 18 2
48000 33 1
48100 15 2
48200 13 2
48300 11 2
48400 9 1
48500 11 2
48600 13 2
48700 15 2
48800 33 1
48900 15 2
49000 13 2
49100 11 2
49200 9 1
49300 11 2
49400 13 2
49500 15 2
49600 33 1
49800 33 1
50000 33 1
50200 33 1
50400 19 2
50500 19 2
50600 14 2
50700 14 2
50800 19 2
50900 19 2
51000 14 2
51100 14 2
51200 33 1
51800 33 2
51900 33 2
52000 11 1
52200 21 1
52400 16 1
52600 21 1
52700 90 B
52800 21 1
52850 17 2
52900 14 2
52950 10 2
53200 5 3
53400 13 1
53600 5 1
53800 5 1
54000 13 2
54025 11 2
54050 9 2
54075 7 2
54100 6 2
54150 4 2
54200 3 2
54250 2 2
54300 1 2
54350 1 2
54600 8 1
54800 19 3
55000 14 1
55200 12 2
55300 16 2
55400 12 2
55500 16 2
55600 20 3
55800 14 3
56000 4 1
56050 6 2
56100 8 2
56150 10 2
56200 12 2
56300 12 2
56400 10 2
56500 10 2
56800 15 1
57000 15 1
57200 15 1
57400 20 3
57600 17 2
57700 19 2
57800 17 2
58000 23 1
58200 16 1
58400 10 1
58425 8 2
58475 6 2
58525 5 2
58575 4 2
58600 4 2
58650 5 2
58700 6 2
58750 8 2
58775 10 2
58800 10 2
58825 8 2
58875 6 2
58925 5 2
58975 4 2
59000 4 2
59050 5 2
59100 6 2
59150 8 2
59175 10 2
59200 12 1
59250 16 2
59300 19 2
59350 23 2
59600 32 3
59800 24 1
60000 32 1
60200 32 1
60400 20 2
60425 22 2
60450 24 2
60475 26 2
60500 27 2
60550 29 2
60600 30 2
60650 31 2
60700 32 2
60750 32 2
61000 25 1
61200 14 3
61400 19 1
61600 21 2
61700 17 2
61800 21 2
61900 17 2
62000 13 3
62200 19 3
62400 29 1
62450 27 2
62500 25 2
62550 23 2
62600 21 2
62700 21 2
62800 23 2
62900 23 2
63200 18 1
63400 18 1
63600 18 1
63800 13 3
64000 25 1
64200 33 1
64400 8 1
64800 18 1
65000 15 2
65100 15 2
65200 18 2
65400 18 2
65600 25 1
65800 33 1
66000 8 1
66400 1 4
66400 2 4
66400 3 4
66400 4 4
66400 5 4
66400 6 4
66400 7 4
66400 8 4
66400 9 4
66400 10 4
66400 11 4
66400 12 4
66400 13 4
66400 20 4
66400 21 4
66400 22 4
66400 23 4
66400 24 4
66400 25 4
66400 26 4
66400 27 4
66400 28 4
66400 29 4
66400 30 4
66400 31 4
66400 32 4
66400 33 3
66400 91 D
66600 91 E
66800 21 1
67000 19 1
67200 14 1
67400 24 1
67600 24 1
67800 21 1
68000 18 1
68200 24 1
68400 30 2
68450 30 2
68500 30 2
68550 30 2
68800 25 1
68850 23 2
68900 21 2
68950 19 2
69000 17 2
69050 19 2
69100 21 2
69150 23 2
69200 25 1
69250 23 2
69300 21 2
69350 19 2
69400 17 2
69450 19 2
69500 21 2
69550 23 2
69600 25 1
69800 33 1
70000 8 1
70200 33 1
70400 12 1
70500 14 1
70600 12 1
70800 21 1
71000 19 1
71200 33 2
71250 18 2
71350 19 2
71500 20 2
71600 33 2
71650 15 2
71750 14 2
71900 13 2
72000 25 1
72200 33 1
72400 8 1
72800 1 4
72800 2 4
72800 3 4
72800 4 4
72800 5 4
72800 6 4
72800 7 4
72800 8 4
72800 9 4
72800 10 4
72800 11 4
72800 12 4
72800 13 4
72800 20 4
72800 21 4
72800 22 4
72800 23 4
72800 24 4
72800 25 4
72800 26 4
72800 27 4
72800 28 4
72800 29 4
72800 30 4
72800 31 4
72800 32 4
72800 33 3
72800 91 D
73000 91 E
73200 12 1
73400 14 1
73600 19 1
73800 9 1
74000 9 1
74200 12 1
74400 15 1
74600 9 1
74800 3 2
74850 3 2
74900 3 2
74950 3 2
75200 12 1
75300 14 1
75400 12 1
75600 21 1
75800 19 1
76000 25 1
76200 33 1
76400 8 1
76600 25 1
77400 33 1
77500 33 1
77600 15 1
77700 18 1
77800 13 1
77900 20 1
78000 15 1
78100 18 1
78200 13 1
78300 20 1
78400 5 4
78400 12 1
78400 28 4
78450 16 2
78500 5 4
78500 18 2
78500 28 4
78550 19 2
78600 5 4
78600 10 4
78600 20 2
78600 28 4
78650 21 2
78700 5 4
78700 21 2
78700 28 4
78800 5 4
78800 21 1
78800 28 4
78850 17 2
78900 5 4
78900 15 2
78900 28 4
78950 14 2
79000 5 4
79000 13 2
79000 23 4
79000 28 4
79050 12 2
79100 5 4
79100 12 2
79100 28 4
79200 33 1
79200 91 D
79250 33 2
79300 10 4
79300 23 4
79300 33 2
79350 33 2
79400 10 4
79400 23 4
79400 33 2
79450 33 2
79500 10 4
79500 23 4
79500 33 2
79550 33 2
79600 10 4
79600 23 4
79600 33 2
79650 33 2
79700 10 4
79700 23 4
79700 33 2
79700 91 E
79800 33 1
80000 8 1
80200 33 1
80400 25 3
80600 33 1
80800 10 1
80900 3 1
81000 10 1
81100 3 1
81200 13 3
81400 13 3
81600 29 1
81650 27 2
81700 25 2
81750 23 2
81800 21 2
81900 21 2
82000 23 2
82100 23 2
82400 18 1
82600 18 1
82800 18 1
83000 13 3
83200 16 2
83300 14 2
83400 16 2
83600 10 1
83800 17 1
84000 23 1
84025 25 2
84075 27 2
84125 28 2
84175 29 2
84200 29 2
84250 28 2
84300 27 2
84350 25 2
84375 23 2
84400 23 2
84425 25 2
84475 27 2
84525 28 2
84575 29 2
84600 29 2
84650 28 2
84700 27 2
84750 25 2
84775 23 2
84800 21 1
84850 17 2
84900 14 2
84950 10 2
85200 1 3
85400 9 1
85600 1 1
85800 1 1
86000 13 2
86025 11 2
86050 9 2
86075 7 2
86100 6 2
86150 4 2
86200 3 2
86250 2 2
86300 1 2
86350 1 2
86600 8 1
86800 19 3
87000 14 1
87200 12 2
87300 16 2
87400 12 2
87500 16 2
87600 20 3
87800 14 3
88000 4 1
88050 6 2
88100 8 2
88150 10 2
88200 12 2
88300 12 2
88400 10 2
88500 10 2
88800 15 1
89000 15 1
89200 15 1
89400 20 1
89600 8 1
89800 33 1
90000 25 1
90400 15 1
90600 18 2
90700 18 2
90800 15 2
91000 15 2
91200 8 1
91400 33 1
91600 25 1
92000 1 4
92000 2 4
92000 3 4
92000 4 4
92000 5 4
92000 6 4
92000 7 4
92000 8 4
92000 9 4
92000 10 4
92000 11 4
92000 12 4
92000 13 4
92000 20 4
92000 21 4
92000 22 4
92000 23 4
92000 24 4
92000 25 4
92000 26 4
92000 27 4
92000 28 4
92000 29 4
92000 30 4
92000 31 4
92000 32 4
92000 33 1
92000 91 D
92200 91 E
92400 12 1
92600 14 1
92800 19 1
93000 9 1
93200 9 1
93400 12 1
93600 15 1
93800 9 1
94000 3 2
94050 3 2
94100 3 2
94150 3 2
94400 8 1
94450 10 2
94500 12 2
94550 14 2
94600 16 2
94650 14 2
94700 12 2
94750 10 2
94800 8 1
94850 10 2
94900 12 2
94950 14 2
95000 16 2
95050 14 2
95100 12 2
95150 10 2
95200 8 1
95400 33 1
95600 25 1
95800 33 1
96000 21 1
96100 19 1
96200 21 1
96400 12 1
96600 14 1
96800 33 2
96850 15 2
96950 14 2
97100 13 2
97200 33 2
97250 18 2
97350 19 2
97500 20 2
97600 8 1
97800 33 1
98000 25 1
98400 1 4
98400 2 4
98400 3 4
98400 4 4
98400 5 4
98400 6 4
98400 7 4
98400 8 4
98400 9 4
98400 10 4
98400 11 4
98400 12 4
98400 13 4
98400 20 4
98400 21 4
98400 22 4
98400 23 4
98400 24 4
98400 25 4
98400 26 4
98400 27 4
98400 28 4
98400 29 4
98400 30 4
98400 31 4
98400 32 4
98400 33 3
98400 91 D
98600 91 E
98800 21 1
99000 19 1
99200 14 1
99400 24 1
99600 24 1
99800 21 1
100000 18 1
100200 24 1
100400 30 2
100450 30 2
100500 30 2
100550 30 2
100800 21 1
100900 19 1
101000 21 1
101200 12 1
101400 14 1
101600 8 1
101800 33 1
102000 25 1
102200 8 1
102400 14 1
102500 8 1
102600 14 1
102800 25 3
103000 19 1
103200 9 1
103250 10 2
103300 11 2
103350 12 2
103400 13 2
103450 14 2
103500 15 2
103600 24 1
103650 23 2
103700 22 2
103750 21 2
103800 20 2
103850 19 2
103900 18 2
104000 33 1
104200 20 4
104300 20 4
104400 13 2
104400 20 4
104500 13 2
104500 20 4
104600 13 2
104600 20 4
104700 15 1
104700 20 4
104800 20 4
104800 33 1
104900 20 4
105000 20 4
105100 20 4
105200 9 2
105200 20 4
105300 9 2
105300 20 4
105400 9 2
105400 20 4
105500 20 4
105600 20 4
105600 33 1
105700 20 4
105800 20 4
105900 20 4
106000 5 2
106000 20 4
106100 5 2
106100 20 4
106200 5 2
106200 20 4
106300 20 4
106400 20 4
106400 33 1
106500 20 4
106600 20 4
106700 20 4
106800 1 2
106800 20 4
106900 1 2
106900 20 4
107000 1 2
107000 20 4
107100 20 4
107200 33 1
107400 13 4
107500 13 4
107600 13 4
107600 20 2
107700 13 4
107700 20 2
107800 13 4
107800 20 2
107900 13 4
108000 13 4
108000 33 1
108100 13 4
108200 13 4
108300 13 4
108400 13 4
108400 24 2
108500 13 4
108500 24 2
108600 13 4
108600 24 2
108700 13 4
108800 13 4
108800 33 1
108900 13 4
109000 13 4
109100 13 4
109200 13 4
109200 28 2
109300 13 4
109300 28 2
109400 13 4
109400 28 2
109500 13 4
109600 13 4
109600 33 1
109700 13 4
109800 13 4
109900 13 4
110000 13 4
110000 32 2
110100 13 4
110100 32 2
110200 13 4
110200 32 2
110300 13 4
110400 33 1
110600 20 4
110700 20 4
110800 13 2
110800 20 4
110900 13 2
110900 20 4
111000 13 2
111000 20 4
111100 15 1
111100 20 4
111200 20 4
111200 33 1
111300 20 4
111400 20 4
111500 20 4
111600 9 2
111600 20 4
111700 9 2
111700 20 4
111800 9 2
111800 20 4
111900 20 4
112000 20 4
112000 33 1
112100 20 4
112200 20 4
112300 20 4
112400 5 2
112400 20 4
112500 5 2
112500 20 4
112600 5 2
112600 20 4
112700 20 4
112800 20 4
112800 33 1
112900 20 4
113000 20 4
113100 20 4
113200 1 2
113200 20 4
113300 1 2
113300 20 4
113400 1 2
113400 20 4
113500 20 4
113600 33 1
114000 20 2
114100 20 2
114200 20 2
114400 33 1
114800 24 2
114900 24 2
115000 24 2
115200 23 2
115300 26 2
115400 21 2
115500 24 2
115600 19 2
115700 22 2
115800 17 2
115900 20 2
116000 13 2
116100 16 2
116200 11 2
116300 14 2
116400 9 2
116500 12 2
116600 7 2
116700 10 2
116800 1 4
116800 7 1
117000 1 4
117000 7 1
117200 12 1
117400 6 4
117400 12 1
117500 90 C
117600 33 1
117800 11 4
117800 33 1
118000 21 1
118200 15 4
118200 21 1
118400 26 1
118400 32 4
118600 26 1
118600 32 4
118800 21 1
119000 21 1
119000 27 4
119200 33 1
119400 22 4
119400 33 1
119600 12 1
119800 12 1
119800 18 4
120000 1 4
120000 7 1
120200 1 4
120200 7 1
120400 12 1
120600 6 4
120600 12 1
120800 33 1
121000 11 4
121000 33 1
121200 21 1
121200 27 4
121400 15 4
121400 21 1
121400 27 4
121600 33 1
121900 12 2
122000 9 1
122200 9 1
122400 5 1
122600 13 1
122800 9 1
123000 5 1
123200 1 4
123200 7 1
123400 1 4
123400 7 1
123600 12 1
123800 6 4
123800 12 1
124000 33 1
124200 11 4
124200 33 1
124400 21 1
124600 15 4
124600 21 1
124800 26 1
124800 32 4
125000 26 1
125000 32 4
125200 21 1
125400 21 1
125400 27 4
125600 33 1
125800 22 4
125800 33 1
126000 12 1
126200 12 1
126200 18 4
126400 1 4
126400 7 1
126600 1 4
126600 7 1
126800 12 1
127000 6 4
127000 12 1
127200 33 1
127400 11 4
127400 33 1
127600 21 1
127600 27 4
127800 15 4
127800 21 1
127800 27 4
128000 33 1
128300 12 2
128400 9 1
128600 9 1
128800 19 2
128900 19 2
129000 8 2
129100 8 2
129200 25 2
129300 25 2
129400 14 2
129500 14 2
129500 90 A
129600 33 1
130000 33 1
130400 33 1
130800 33 1
131200 33 1
131600 33 1
132000 33 1
132400 33 1
132800 5 1
133000 5 1
133200 5 1
133400 5 1
133600 13 1
133800 13 1
134000 13 1
134200 13 1
134400 20 1
134600 20 1
134800 20 1
135000 20 1
135200 28 1
135400 28 1
135600 28 1
135800 25 1
136000 33 1
136100 18 2
136200 20 2
136300 22 2
136400 18 4
136400 24 1
136500 22 2
136600 20 2
136700 18 2
136800 33 1
136900 18 2
137000 20 2
137100 22 2
137200 18 4
137200 24 1
137300 22 2
137400 20 2
137500 18 2
137600 33 1
137700 15 2
137800 13 2
137900 11 2
138000 9 1
138000 15 4
138100 11 2
138200 13 2
138300 15 2
138400 33 1
138500 15 2
138600 13 2
138700 11 2
138800 9 1
138800 15 4
138900 11 2
139000 13 2
139100 15 2
139200 33 1
139400 33 1
139600 33 1
139800 33 1
140000 19 2
140100 19 2
140200 14 2
140300 14 2
140400 19 2
140500 19 2
140600 14 2
140700 14 2
140800 33 1
141400 33 2
141500 33 2
141600 11 2
141800 21 1
142000 16 1
142200 21 1
142300 90 B
142400 21 1
142450 17 2
142500 14 2
142550 10 2
142800 5 3
143000 13 1
143200 5 1
143400 5 1
143600 13 2
143625 11 2
143650 9 2
143675 7 2
143700 6 2
143750 4 2
143800 3 2
143850 2 2
143900 1 2
143950 1 2
144200 8 1
144400 19 3
144600 14 1
144800 12 2
144900 16 2
145000 12 2
145100 16 2
145200 20 3
145400 14 3
145600 4 1
145650 6 2
145700 8 2
145750 10 2
145800 12 2
145900 12 2
146000 10 2
146100 10 2
146400 15 1
146600 15 1
146800 15 1
147000 20 3
147200 17 2
147300 19 2
147400 17 2
147600 23 1
147800 16 1
148000 10 1
148025 8 2
148075 6 2
148125 5 2
148175 4 2
148200 4 2
148250 5 2
148300 6 2
148350 8 2
148375 10 2
148400 10 2
148425 8 2
148475 6 2
148525 5 2
148575 4 2
148600 4 2
148650 5 2
148700 6 2
148750 8 2
148775 10 2
148800 12 1
148850 16 2
148900 19 2
148950 23 2
149200 32 3
149400 24 1
149600 32 1
149800 32 1
150000 20 2
150025 22 2
150050 24 2
150075 26 2
150100 27 2
150150 29 2
150200 30 2
150250 31 2
150300 32 2
150350 32 2
150600 25 1
150800 14 3
151000 19 1
151200 21 2
151300 17 2
151400 21 2
151500 17 2
151600 13 3
151800 19 3
152000 29 1
152050 27 2
152100 25 2
152150 23 2
152200 21 2
152300 21 2
152400 23 2
152500 23 2
152800 18 1
153000 18 1
153200 18 1
153400 13 3
153600 25 1
153800 33 1
154000 8 1
154400 18 1
154600 15 2
154700 15 2
154800 18 2
155000 18 2
155200 25 1
155400 33 1
155600 8 1
156000 1 4
156000 2 4
156000 3 4
156000 4 4
156000 5 4
156000 6 4
156000 7 4
156000 8 4
156000 9 4
156000 10 4
156000 11 4
156000 12 4
156000 13 4
156000 20 4
156000 21 4
156000 22 4
156000 23 4
156000 24 4
156000 25 4
156000 26 4
156000 27 4
156000 28 4
156000 29 4
156000 30 4
156000 31 4
156000 32 4
156000 33 3
156000 91 D
156200 91 E
156400 21 1
156600 19 1
156800 14 1
157000 24 1
157200 24 1
157400 21 1
157600 18 1
157800 24 1
158000 30 2
158050 30 2
158100 30 2
158150 30 2
158400 25 1
158450 23 2
158500 21 2
158550 19 2
158600 17 2
158650 19 2
158700 21 2
158750 23 2
158800 25 1
158850 23 2
158900 21 2
158950 19 2
159000 17 2
159050 19 2
159100 21 2
159150 23 2
159200 25 1
159400 33 1
159600 8 1
159800 33 1
160000 12 1
160100 14 1
160200 12 1
160400 21 1
160600 19 1
160800 33 2
160850 18 2
160950 19 2
161100 20 2
161200 33 2
161250 15 2
161350 14 2
161500 13 2
161600 25 1
161800 33 1
162000 8 1
162400 1 4
162400 2 4
162400 3 4
162400 4 4
162400 5 4
162400 6 4
162400 7 4
162400 8 4
162400 9 4
162400 10 4
162400 11 4
162400 12 4
162400 13 4
162400 20 4
162400 21 4
162400 22 4
162400 23 4
162400 24 4
162400 25 4
162400 26 4
162400 27 4
162400 28 4
162400 29 4
162400 30 4
162400 31 4
162400 32 4
162400 33 3
162400 91 D
162600 91 E
162800 12 1
163000 14 1
163200 19 1
163400 9 1
163600 9 1
163800 12 1
164000 15 1
164200 9 1
164400 3 2
164450 3 2
164500 3 2
164550 3 2
164800 12 1
164900 14 1
165000 12 1
165200 21 1
165400 19 1
165600 25 1
165800 33 1
166000 8 1
166200 25 1
167000 33 1
167100 33 1
167200 15 1
167200 91 D
167300 18 1
167400 13 1
167500 20 1
167600 15 1
167700 18 1
167800 13 1
167900 20 1
168000 5 4
168000 12 1
168000 28 4
168050 16 2
168100 5 4
168100 18 2
168100 28 4
168150 19 2
168200 5 4
168200 10 4
168200 20 2
168200 28 4
168250 21 2
168300 5 4
168300 21 2
168300 28 4
168400 5 4
168400 21 1
168400 28 4
168450 17 2
168500 5 4
168500 15 2
168500 28 4
168550 14 2
168600 5 4
168600 13 2
168600 23 4
168600 28 4
168650 12 2
168700 5 4
168700 12 2
168700 28 4
168800 33 1
168850 33 2
168900 10 4
168900 23 4
168900 33 2
168950 33 2
169000 10 4
169000 23 4
169000 33 2
169050 33 2
169100 10 4
169100 23 4
169100 33 2
169150 33 2
169200 10 4
169200 23 4
169200 33 2
169250 33 2
169300 10 4
169300 23 4
169300 33 2
169400 33 1
169400 91 E
169600 8 1
169800 33 1
170000 25 3
170200 33 1
170400 10 1
170500 3 1
170600 10 1
170700 3 1
170800 13 3
171000 13 3
171200 29 1
171250 27 2
171300 25 2
171350 23 2
171400 21 2
171500 21 2
171600 23 2
171700 23 2
172000 18 1
172200 18 1
172400 18 1
172600 13 3
172800 16 2
172900 14 2
173000 16 2
173200 10 1
173400 17 1
173600 23 1
173625 25 2
173675 27 2
173725 28 2
173775 29 2
173800 29 2
173850 28 2
173900 27 2
173950 25 2
173975 23 2
174000 23 2
174025 25 2
174075 27 2
174125 28 2
174175 29 2
174200 29 2
174250 28 2
174300 27 2
174350 25 2
174375 23 2
174400 21 1
174450 17 2
174500 14 2
174550 10 2
174800 1 3
175000 9 1
175200 1 1
175400 1 1
175600 13 2
175625 11 2
175650 9 2
175675 7 2
175700 6 2
175750 4 2
175800 3 2
175850 2 2
175900 1 2
175950 1 2
176200 8 1
176400 19 3
176600 14 1
176800 12 2
176900 16 2
177000 12 2
177100 16 2
177200 20 3
177400 14 3
177600 4 1
177600 91 D
177650 6 2
177700 8 2
177750 10 2
177800 12 2
177900 12 2
178000 10 2
178100 10 2
178400 15 1
178600 15 1
178800 15 1
179000 20 1
179200 8 1
179400 33 1
179600 25 1
180000 15 1
180200 18 2
180300 18 2
180400 15 2
180600 15 2
180800 8 1
181000 33 1
181200 25 1
181600 1 4
181600 2 4
181600 3 4
181600 4 4
181600 5 4
181600 6 4
181600 7 4
181600 8 4
181600 9 4
181600 10 4
181600 11 4
181600 12 4
181600 13 4
181600 20 4
181600 21 4
181600 22 4
181600 23 4
181600 24 4
181600 25 4
181600 26 4
181600 27 4
181600 28 4
181600 29 4
181600 30 4
181600 31 4
181600 32 4
181600 33 3
181800 91 E
182000 12 1
182200 14 1
182400 19 1
182600 9 1
182800 9 1
183000 12 1
183200 15 1
183400 9 1
183600 3 2
183650 3 2
183700 3 2
183750 3 2
184000 8 1
184050 10 2
184100 12 2
184150 14 2
184200 16 2
184250 14 2
184300 12 2
184350 10 2
184400 8 1
184450 10 2
184500 12 2
184550 14 2
184600 16 2
184650 14 2
184700 12 2
184750 10 2
184800 8 1
184800 91 D
185000 33 1
185200 25 1
185400 33 1
185600 21 1
185700 19 1
185800 21 1
186000 12 1
186200 14 1
186400 33 2
186450 15 2
186550 14 2
186700 13 2
186800 33 2
186850 18 2
186950 19 2
187100 20 2
187200 8 1
187400 33 1
187600 25 1
188000 1 4
188000 2 4
188000 3 4
188000 4 4
188000 5 4
188000 6 4
188000 7 4
188000 8 4
188000 9 4
188000 10 4
188000 11 4
188000 12 4
188000 13 4
188000 20 4
188000 21 4
188000 22 4
188000 23 4
188000 24 4
188000 25 4
188000 26 4
188000 27 4
188000 28 4
188000 29 4
188000 30 4
188000 31 4
188000 32 4
188000 33 3
188200 91 E
188400 21 1
188600 19 1
188800 14 1
189000 24 1
189200 24 1
189400 21 1
189600 18 1
189800 24 1
190000 30 2
190050 30 2
190100 30 2
190150 30 2
190400 21 1
190500 19 1
190600 21 1
190800 12 1
191000 14 1
191200 8 1
191400 33 1
191600 25 1
191800 8 1
192000 14 1
192100 8 1
192200 14 1
192400 25 3
192600 19 1
192800 9 1
192850 10 2
192900 11 2
192950 12 2
193000 13 2
193050 14 2
193100 15 2
193200 24 1
193250 23 2
193300 22 2
193350 21 2
193400 20 2
193450 19 2
193500 18 2
193500 90 C
193600 33 3
194800 1 1
195200 32 1
195800 33 1
196400 32 1
196800 33 1
198000 1 1
198400 33 1
199000 32 1
199600 33 1
200000 1 1
201200 1 1
201600 33 1
202200 1 1
202800 33 1
203200 1 1
204400 1 1
204800 33 1
205400 32 1
206000 33 1
206400 33 3
