1670 150 000
1200 0 1
1600 33 1
3200 33 1
4800 33 1
7200 33 1
8000 33 1
9600 24 1
11200 33 1
13600 9 1
14400 5 1
15200 5 1
16000 13 1
16800 13 1
17600 20 1
18400 20 1
19200 28 1
20000 28 1
20800 20 1
21200 20 1
21600 20 1
22000 20 1
22400 13 1
22400 18 4
22400 20 4
22400 22 4
22800 13 1
23200 13 1
23600 13 1
24000 11 4
24000 13 4
24000 15 4
24000 28 1
24400 28 1
24800 28 1
25200 28 1
25600 5 1
25600 24 4
25600 26 4
25600 28 4
26000 5 1
26400 5 1
26800 5 1
27200 2 1
27200 5 4
27200 7 4
27200 9 4
27600 2 1
28000 2 2
28200 8 2
28400 2 2
28800 8 1
29200 8 1
29600 8 2
29800 14 2
30000 8 2
30400 31 1
30800 31 1
31200 31 2
31400 25 2
31600 31 2
32000 25 1
32400 25 1
32800 25 2
33000 19 2
33200 25 2
33600 17 4
33600 23 1
33800 17 4
34000 17 4
34000 23 2
34200 17 4
34200 23 2
34400 17 4
34400 23 1
34600 17 4
34600 23 1
34800 23 1
35200 11 4
35200 33 1
35400 11 4
35600 11 4
35600 33 2
35800 11 4
35800 33 2
36000 11 4
36000 33 1
36200 11 4
36200 33 1
36400 33 1
36800 10 1
36800 16 4
37000 16 4
37200 10 2
37200 16 4
37400 10 2
37400 16 4
37600 10 1
37600 16 4
37800 10 1
37800 16 4
38000 10 1
38400 33 1
38800 33 2
39000 33 2
39200 9 4
39200 16 2
39200 24 4
39300 17 2
39400 9 4
39400 16 2
39400 24 4
39500 17 2
39600 9 4
39600 16 2
39600 24 4
39700 17 2
39800 9 4
39800 16 2
39800 24 4
39900 17 2
39900 90 A
40000 33 1
40800 33 1
41600 33 1
42400 33 1
43200 5 1
43600 5 1
44000 13 1
44400 13 1
44800 20 1
45200 20 1
45600 28 1
46000 28 1
46400 33 1
46600 15 2
46800 13 2
47000 11 2
47200 9 1
47400 11 2
47600 13 2
47800 15 2
48000 33 1
48200 18 2
48400 20 2
48600 22 2
48800 24 1
49000 22 2
49200 20 2
49400 18 2
49600 33 1
49800 33 1
50000 33 1
50200 33 1
50400 10 4
50400 17 2
50400 23 4
50500 16 2
50600 10 4
50600 17 2
50600 23 4
50700 16 2
50800 10 4
50800 17 2
50800 23 4
50900 16 2
51000 10 4
51000 17 2
51000 23 4
51100 16 2
51200 33 1
51800 33 2
51900 33 2
52000 11 1
52200 21 1
52400 16 1
52600 11 1
52700 90 B
52800 5 3
52850 5 2
52900 5 2
52950 5 2
53200 20 1
53400 20 1
53600 13 1
53800 13 1
54000 33 3
54050 33 2
54100 33 2
54150 33 2
54200 33 2
54250 33 2
54600 12 1
54800 7 1
55000 12 1
55200 33 2
55300 33 2
55400 33 2
55500 33 2
55600 21 1
55800 21 1
56000 27 3
56000 33 4
56050 27 2
56100 27 2
56100 33 4
56150 27 2
56200 33 4
56300 33 4
56400 27 3
56400 33 4
56450 27 2
56500 27 2
56500 33 4
56550 27 2
56600 33 4
56700 33 4
56800 20 1
56800 33 4
56900 33 4
57000 20 1
57000 33 4
57100 33 4
57200 20 1
57200 33 4
57300 33 4
57400 20 3
57400 33 4
57500 33 4
57600 23 2
57700 25 2
57800 23 2
58000 30 1
58200 23 1
58400 33 1
58500 33 2
58600 33 2
58700 33 2
58800 12 1
58900 12 2
59000 12 2
59100 12 2
59200 3 4
59200 5 4
59200 28 3
59250 28 2
59300 28 2
59350 28 2
59400 3 4
59400 5 4
59600 3 4
59600 5 4
59600 13 1
59800 3 4
59800 5 4
59800 13 1
60000 1 4
60000 3 4
60000 5 4
60000 7 4
60000 20 1
60200 2 4
60200 6 4
60200 20 1
60400 3 4
60400 5 4
60400 17 2
60500 16 2
60600 4 4
60600 17 2
60700 16 2
61000 21 1
61200 26 1
61400 21 1
61600 33 2
61700 33 2
61800 33 2
61900 33 2
62000 12 1
62200 12 1
62400 6 3
62400 27 4
62450 6 2
62500 6 2
62550 6 2
62600 25 4
62600 29 4
62800 6 3
62800 27 4
62850 6 2
62900 6 2
62950 6 2
63200 13 1
63200 27 4
63400 13 1
63400 25 4
63400 29 4
63600 13 1
63600 27 4
63800 13 3
64000 10 2
64100 8 2
64200 10 2
64400 3 1
64600 10 1
64800 15 1
65000 18 2
65100 18 2
65200 15 2
65400 15 2
65600 8 1
65800 33 1
66000 25 1
66400 1 4
66400 2 4
66400 3 4
66400 4 4
66400 5 4
66400 6 4
66400 7 4
66400 8 4
66400 9 4
66400 10 4
66400 23 4
66400 24 4
66400 25 4
66400 26 4
66400 27 4
66400 28 4
66400 29 4
66400 30 4
66400 31 4
66400 32 4
66400 33 3
66800 21 1
67000 19 1
67200 6 4
67200 14 1
67400 4 4
67400 8 4
67400 21 1
67600 6 4
67600 21 1
67800 21 1
68000 6 4
68000 24 1
68200 4 4
68200 8 4
68200 24 1
68400 6 4
68400 30 2
68450 30 2
68500 30 2
68550 30 2
68800 25 1
69000 25 1
69200 19 1
69400 19 1
69600 25 1
69800 33 1
70000 8 1
70200 33 1
70400 12 1
70500 14 1
70600 12 1
70800 17 1
71000 16 1
71200 19 1
71300 19 2
71400 19 2
71600 14 1
71700 14 2
71800 14 2
72000 25 1
72200 33 1
72400 8 1
72800 1 4
72800 2 4
72800 3 4
72800 4 4
72800 5 4
72800 6 4
72800 7 4
72800 8 4
72800 9 4
72800 10 4
72800 23 4
72800 24 4
72800 25 4
72800 26 4
72800 27 4
72800 28 4
72800 29 4
72800 30 4
72800 31 4
72800 32 4
72800 33 3
73200 12 1
73400 14 1
73600 12 1
73800 9 1
74000 9 1
74200 12 1
74400 15 1
74600 9 1
74800 13 2
74850 13 2
74900 13 2
74950 13 2
75200 12 1
75300 14 1
75400 12 1
75600 21 1
75800 19 1
76000 25 1
76200 33 1
76400 8 1
76600 8 1
77400 11 1
77600 15 1
78000 11 1
78400 1 4
78400 8 1
78400 15 4
78400 16 4
78400 17 4
78400 18 4
78400 19 4
78400 20 4
78400 21 4
78400 22 4
78400 23 4
78400 24 4
78400 25 4
78400 26 4
78400 27 4
78400 28 4
78400 29 4
78400 30 4
78400 31 4
78400 32 4
78400 33 4
78500 1 4
78500 32 4
78600 1 4
78600 32 4
78700 1 4
78700 32 4
78800 1 4
78800 32 4
78800 33 1
78900 1 4
78900 32 4
79000 1 4
79000 32 4
79100 1 4
79100 32 4
79200 1 4
79200 25 3
79200 32 4
79300 1 4
79300 25 2
79300 32 4
79400 1 4
79400 25 2
79400 32 4
79500 1 4
79500 2 4
79500 3 4
79500 4 4
79500 5 4
79500 6 4
79500 7 4
79500 8 4
79500 9 4
79500 10 4
79500 11 4
79500 12 4
79500 13 4
79500 14 4
79500 15 4
79500 16 4
79500 17 4
79500 18 4
79500 25 2
79500 32 4
79500 33 4
79800 25 1
80000 15 1
80200 21 1
80400 26 1
80600 21 1
80800 33 2
80900 33 2
81000 33 2
81100 33 2
81200 12 1
81400 12 1
81600 6 3
81600 33 4
81650 6 2
81700 6 2
81700 33 4
81750 6 2
81800 33 4
81900 33 4
82000 6 3
82000 33 4
82050 6 2
82100 6 2
82100 33 4
82150 6 2
82200 33 4
82300 33 4
82400 13 1
82400 33 4
82500 33 4
82600 13 1
82600 33 4
82700 33 4
82800 13 1
82800 33 4
82900 33 4
83000 13 3
83000 33 4
83100 33 4
83200 10 2
83300 8 2
83400 10 2
83600 3 1
83800 10 1
84000 33 1
84100 33 2
84200 33 2
84300 33 2
84400 21 1
84500 21 2
84600 21 2
84700 21 2
84800 5 3
84800 28 4
84800 30 4
84850 5 2
84900 5 2
84950 5 2
85000 28 4
85000 30 4
85200 20 1
85200 28 4
85200 30 4
85400 20 1
85400 28 4
85400 30 4
85600 13 1
85600 26 4
85600 28 4
85600 30 4
85600 32 4
85800 13 1
85800 27 4
85800 31 4
86000 16 2
86000 28 4
86000 30 4
86100 17 2
86200 16 2
86200 29 4
86300 17 2
86600 12 1
86800 7 1
87000 12 1
87200 33 2
87300 33 2
87400 33 2
87500 33 2
87600 21 1
87800 21 1
88000 6 4
88000 27 3
88050 27 2
88100 27 2
88150 27 2
88200 4 4
88200 8 4
88400 6 4
88400 27 3
88450 27 2
88500 27 2
88550 27 2
88800 6 4
88800 20 1
89000 4 4
89000 8 4
89000 20 1
89200 6 4
89200 20 1
89400 20 3
89600 23 2
89700 25 2
89800 23 2
90000 30 1
90200 23 1
90400 18 1
90600 15 2
90700 15 2
90800 18 2
91000 18 2
91200 25 1
91400 33 1
91600 8 1
92000 1 4
92000 2 4
92000 3 4
92000 4 4
92000 5 4
92000 6 4
92000 7 4
92000 8 4
92000 9 4
92000 10 4
92000 23 4
92000 24 4
92000 25 4
92000 26 4
92000 27 4
92000 28 4
92000 29 4
92000 30 4
92000 31 4
92000 32 4
92000 33 3
92000 91 D
92200 91 E
92400 12 1
92600 14 1
92800 19 1
92800 27 4
93000 12 1
93000 25 4
93000 29 4
93200 12 1
93200 27 4
93400 12 1
93600 9 1
93600 27 4
93800 9 1
93800 25 4
93800 29 4
94000 3 2
94000 27 4
94050 3 2
94100 3 2
94150 3 2
94400 8 1
94600 8 1
94800 14 1
95000 14 1
95200 8 1
95400 33 1
95600 25 1
95800 33 1
96000 21 1
96100 19 1
96200 21 1
96400 16 1
96600 17 1
96800 14 1
96900 14 2
97000 14 2
97200 19 1
97300 19 2
97400 19 2
97600 8 1
97800 33 1
98000 25 1
98400 1 4
98400 2 4
98400 3 4
98400 4 4
98400 5 4
98400 6 4
98400 7 4
98400 8 4
98400 9 4
98400 10 4
98400 23 4
98400 24 4
98400 25 4
98400 26 4
98400 27 4
98400 28 4
98400 29 4
98400 30 4
98400 31 4
98400 32 4
98400 33 3
98400 91 D
98600 91 E
98800 21 1
99000 19 1
99200 21 1
99400 24 1
99600 24 1
99800 21 1
100000 18 1
100200 24 1
100400 20 2
100450 20 2
100500 20 2
100550 20 2
100800 21 1
100900 19 1
101000 21 1
101200 12 1
101400 14 1
101600 8 1
101800 33 1
102000 25 1
102200 25 1
102400 23 1
102500 21 1
102600 23 1
102700 32 2
102800 32 1
103000 30 1
103200 28 1
103300 24 2
103400 20 2
103500 33 2
103600 13 2
103700 9 2
103800 5 2
103900 1 2
104000 33 1
104400 2 4
104400 9 2
104400 13 4
104500 2 4
104500 9 2
104500 13 4
104600 2 4
104600 9 2
104600 13 4
105200 3 4
105200 9 2
105200 13 4
105300 3 4
105300 9 2
105300 13 4
105400 3 4
105400 9 2
105400 13 4
105600 91 D
106000 4 4
106000 9 2
106000 13 4
106100 4 4
106100 9 2
106100 13 4
106200 4 4
106200 9 2
106200 13 4
106300 91 E
106800 5 4
106800 9 2
106800 13 4
106900 5 4
106900 9 2
106900 13 4
107000 5 4
107000 9 2
107000 13 4
107200 33 1
107600 20 4
107600 24 2
107600 31 4
107700 20 4
107700 24 2
107700 31 4
107800 20 4
107800 24 2
107800 31 4
108400 20 4
108400 24 2
108400 30 4
108500 20 4
108500 24 2
108500 30 4
108600 20 4
108600 24 2
108600 30 4
108800 91 D
109200 20 4
109200 24 2
109200 29 4
109300 20 4
109300 24 2
109300 29 4
109400 20 4
109400 24 2
109400 29 4
109500 91 E
110000 20 4
110000 24 2
110000 28 4
110100 20 4
110100 24 2
110100 28 4
110200 20 4
110200 24 2
110200 28 4
110400 33 1
110800 5 4
110800 12 2
110800 28 4
110900 5 4
110900 28 4
110900 33 2
111000 5 4
111000 21 2
111000 28 4
111100 5 4
111100 28 4
111200 5 4
111200 28 4
111300 5 4
111300 28 4
111300 33 4
111400 5 4
111400 28 4
111500 5 4
111500 28 4
111600 5 4
111600 21 2
111600 28 4
111700 5 4
111700 28 4
111700 33 2
111800 5 4
111800 12 2
111800 28 4
111900 5 4
111900 28 4
112000 5 4
112000 28 4
112100 5 4
112100 28 4
112100 33 4
112200 5 4
112200 28 4
112300 5 4
112300 28 4
112400 5 4
112400 12 2
112400 28 4
112500 5 4
112500 28 4
112500 33 2
112600 5 4
112600 21 2
112600 28 4
112700 5 4
112700 28 4
112800 5 4
112800 28 4
112900 5 4
112900 28 4
112900 33 4
113000 5 4
113000 28 4
113100 5 4
113100 28 4
113200 5 4
113200 21 2
113200 28 4
113300 5 4
113300 28 4
113300 33 2
113400 5 4
113400 12 2
113400 28 4
113500 5 4
113500 28 4
113600 33 1
114000 33 2
114100 33 2
114200 33 2
114400 33 1
114800 33 2
114900 33 2
115000 33 2
115200 33 1
115400 33 1
115600 16 1
115700 17 1
115800 14 1
115900 19 1
116000 16 1
116100 17 1
116200 14 1
116300 19 1
116400 16 1
116500 17 1
116600 14 1
116700 19 1
116700 90 C
116800 13 1
117000 13 1
117200 9 1
117200 33 4
117300 33 4
117400 9 1
117400 33 4
117500 33 4
117600 5 1
117600 33 4
117700 33 4
117800 5 1
117800 33 4
117900 33 4
118000 1 1
118000 33 4
118100 33 4
118200 1 1
118200 33 4
118300 33 4
118400 1 1
118400 33 4
118500 33 4
118600 1 1
118600 33 4
118700 33 4
118800 5 1
118800 33 4
118900 33 4
119000 5 1
119000 33 4
119100 33 4
119200 9 1
119200 33 4
119300 33 4
119400 9 1
119400 33 4
119500 33 4
119600 13 1
119800 13 1
120000 20 1
120200 20 1
120400 24 1
120400 33 4
120500 33 4
120600 24 1
120600 33 4
120700 33 4
120800 28 1
120800 33 4
120900 33 4
121000 28 1
121000 33 4
121100 33 4
121200 32 1
121200 33 4
121300 33 4
121400 32 1
121400 33 4
121500 33 4
121600 32 1
121600 33 4
121700 33 4
121800 32 1
121800 33 4
121900 33 4
122000 28 1
122000 33 4
122100 33 4
122200 28 1
122200 33 4
122300 33 4
122400 24 1
122400 33 4
122500 33 4
122600 24 1
122600 33 4
122700 33 4
122800 20 1
123000 20 1
123200 8 1
123400 8 1
123600 14 1
123600 33 4
123700 33 4
123800 14 1
124000 19 1
124200 19 1
124200 33 4
124300 33 4
124400 25 1
124600 25 1
124800 25 1
125000 25 1
125200 19 1
125200 33 4
125300 33 4
125400 19 1
125600 14 1
125800 14 1
125800 33 4
125900 33 4
126000 8 1
126200 8 1
126400 8 1
126600 8 1
126800 14 1
126800 33 4
126900 33 4
127000 14 1
127200 19 1
127400 19 1
127400 33 4
127500 33 4
127600 25 1
127800 25 1
128000 25 1
128200 25 1
128400 19 1
128600 19 1
128800 16 1
128900 17 1
129000 14 1
129100 19 1
129200 16 1
129300 17 1
129400 14 1
129500 19 1
129600 33 1
130400 33 1
131200 33 1
132000 33 1
132800 5 1
133200 5 1
133600 13 1
134000 13 1
134400 20 1
134800 20 1
135200 28 1
135600 28 1
136000 33 1
136200 15 2
136400 13 2
136600 11 2
136800 9 1
137000 11 2
137200 13 2
137400 15 2
137600 33 1
137800 18 2
138000 20 2
138200 22 2
138400 24 1
138600 22 2
138800 20 2
139000 18 2
139200 33 1
139400 33 1
139600 33 1
139800 33 1
140000 10 4
140000 17 2
140000 23 4
140100 16 2
140200 10 4
140200 17 2
140200 23 4
140300 16 2
140400 10 4
140400 17 2
140400 23 4
140500 16 2
140600 10 4
140600 17 2
140600 23 4
140700 16 2
140800 33 1
141400 33 2
141500 33 2
141600 11 1
141800 21 1
142000 16 1
142200 11 1
142300 90 B
142400 5 3
142450 5 2
142500 5 2
142550 5 2
142800 20 1
143000 20 1
143200 13 1
143400 13 1
143600 33 3
143650 33 2
143700 33 2
143750 33 2
143800 33 2
143850 33 2
144200 12 1
144400 7 1
144600 12 1
144800 33 2
144900 33 2
145000 33 2
145100 33 2
145200 21 1
145400 21 1
145600 27 3
145600 33 4
145650 27 2
145700 27 2
145700 33 4
145750 27 2
145800 33 4
145900 33 4
146000 27 3
146000 33 4
146050 27 2
146100 27 2
146100 33 4
146150 27 2
146200 33 4
146300 33 4
146400 20 1
146400 33 4
146500 33 4
146600 20 1
146600 33 4
146700 33 4
146800 20 1
146800 33 4
146900 33 4
147000 20 3
147000 33 4
147100 33 4
147200 23 2
147300 25 2
147400 23 2
147600 30 1
147800 23 1
148000 33 1
148100 33 2
148200 33 2
148300 33 2
148400 12 1
148500 12 2
148600 12 2
148700 12 2
148800 3 4
148800 5 4
148800 28 3
148850 28 2
148900 28 2
148950 28 2
149000 3 4
149000 5 4
149200 3 4
149200 5 4
149200 13 1
149400 3 4
149400 5 4
149400 13 1
149600 1 4
149600 3 4
149600 5 4
149600 7 4
149600 20 1
149800 2 4
149800 6 4
149800 20 1
150000 3 4
150000 5 4
150000 17 2
150100 16 2
150200 4 4
150200 17 2
150300 16 2
150600 21 1
150800 26 1
151000 21 1
151200 33 2
151300 33 2
151400 33 2
151500 33 2
151600 12 1
151800 12 1
152000 6 3
152000 27 4
152050 6 2
152100 6 2
152150 6 2
152200 25 4
152200 29 4
152400 6 3
152400 27 4
152450 6 2
152500 6 2
152550 6 2
152800 13 1
152800 27 4
153000 13 1
153000 25 4
153000 29 4
153200 13 1
153200 27 4
153400 13 3
153600 10 2
153700 8 2
153800 10 2
154000 3 1
154200 10 1
154400 15 1
154600 18 2
154700 18 2
154800 15 2
155000 15 2
155200 8 1
155400 33 1
155600 25 1
156000 1 4
156000 2 4
156000 3 4
156000 4 4
156000 5 4
156000 6 4
156000 7 4
156000 8 4
156000 9 4
156000 10 4
156000 23 4
156000 24 4
156000 25 4
156000 26 4
156000 27 4
156000 28 4
156000 29 4
156000 30 4
156000 31 4
156000 32 4
156000 33 3
156000 91 D
156200 91 E
156400 21 1
156600 19 1
156800 6 4
156800 14 1
157000 4 4
157000 8 4
157000 21 1
157200 6 4
157200 21 1
157400 21 1
157600 6 4
157600 24 1
157800 4 4
157800 8 4
157800 24 1
158000 6 4
158000 30 2
158050 30 2
158100 30 2
158150 30 2
158400 25 1
158600 25 1
158800 19 1
159000 19 1
159200 25 1
159400 33 1
159600 8 1
159800 33 1
160000 12 1
160100 14 1
160200 12 1
160400 17 1
160600 16 1
160800 19 1
160900 19 2
161000 19 2
161200 14 1
161300 14 2
161400 14 2
161600 25 1
161800 33 1
162000 8 1
162400 1 4
162400 2 4
162400 3 4
162400 4 4
162400 5 4
162400 6 4
162400 7 4
162400 8 4
162400 9 4
162400 10 4
162400 23 4
162400 24 4
162400 25 4
162400 26 4
162400 27 4
162400 28 4
162400 29 4
162400 30 4
162400 31 4
162400 32 4
162400 33 3
162400 91 D
162600 91 E
162800 12 1
163000 14 1
163200 12 1
163400 9 1
163600 9 1
163800 12 1
164000 15 1
164200 9 1
164400 13 2
164450 13 2
164500 13 2
164550 13 2
164800 12 1
164900 14 1
165000 12 1
165200 21 1
165400 19 1
165600 25 1
165800 33 1
166000 8 1
166200 8 1
167000 11 1
167000 91 D
167200 15 1
167600 11 1
168000 1 4
168000 8 1
168000 15 4
168000 16 4
168000 17 4
168000 18 4
168000 19 4
168000 20 4
168000 21 4
168000 22 4
168000 23 4
168000 24 4
168000 25 4
168000 26 4
168000 27 4
168000 28 4
168000 29 4
168000 30 4
168000 31 4
168000 32 4
168000 33 4
168100 1 4
168100 32 4
168200 1 4
168200 32 4
168300 1 4
168300 32 4
168400 1 4
168400 32 4
168400 33 1
168500 1 4
168500 32 4
168600 1 4
168600 32 4
168700 1 4
168700 32 4
168800 1 4
168800 25 3
168800 32 4
168900 1 4
168900 25 2
168900 32 4
169000 1 4
169000 25 2
169000 32 4
169100 1 4
169100 2 4
169100 3 4
169100 4 4
169100 5 4
169100 6 4
169100 7 4
169100 8 4
169100 9 4
169100 10 4
169100 11 4
169100 12 4
169100 13 4
169100 14 4
169100 15 4
169100 16 4
169100 17 4
169100 18 4
169100 25 2
169100 32 4
169100 33 4
169400 25 1
169400 91 E
169600 15 1
169800 21 1
170000 26 1
170200 21 1
170400 33 2
170500 33 2
170600 33 2
170700 33 2
170800 12 1
171000 12 1
171200 6 3
171200 33 4
171250 6 2
171300 6 2
171300 33 4
171350 6 2
171400 33 4
171500 33 4
171600 6 3
171600 33 4
171650 6 2
171700 6 2
171700 33 4
171750 6 2
171800 33 4
171900 33 4
172000 13 1
172000 33 4
172100 33 4
172200 13 1
172200 33 4
172300 33 4
172400 13 1
172400 33 4
172500 33 4
172600 13 3
172600 33 4
172700 33 4
172800 10 2
172900 8 2
173000 10 2
173200 3 1
173400 10 1
173600 33 1
173700 33 2
173800 33 2
173900 33 2
174000 21 1
174100 21 2
174200 21 2
174300 21 2
174400 5 3
174400 28 4
174400 30 4
174450 5 2
174500 5 2
174550 5 2
174600 28 4
174600 30 4
174800 20 1
174800 28 4
174800 30 4
175000 20 1
175000 28 4
175000 30 4
175200 13 1
175200 26 4
175200 28 4
175200 30 4
175200 32 4
175400 13 1
175400 27 4
175400 31 4
175600 16 2
175600 28 4
175600 30 4
175700 17 2
175800 16 2
175800 29 4
175900 17 2
176200 12 1
176400 7 1
176600 12 1
176800 33 2
176900 33 2
177000 33 2
177100 33 2
177200 21 1
177400 21 1
177600 6 4
177600 27 3
177650 27 2
177700 27 2
177750 27 2
177800 4 4
177800 8 4
178000 6 4
178000 27 3
178050 27 2
178100 27 2
178150 27 2
178400 6 4
178400 20 1
178600 4 4
178600 8 4
178600 20 1
178800 6 4
178800 20 1
179000 20 3
179200 23 2
179300 25 2
179400 23 2
179600 30 1
179800 23 1
180000 18 1
180200 15 2
180300 15 2
180400 18 2
180600 18 2
180800 25 1
181000 33 1
181200 8 1
181600 1 4
181600 2 4
181600 3 4
181600 4 4
181600 5 4
181600 6 4
181600 7 4
181600 8 4
181600 9 4
181600 10 4
181600 23 4
181600 24 4
181600 25 4
181600 26 4
181600 27 4
181600 28 4
181600 29 4
181600 30 4
181600 31 4
181600 32 4
181600 33 3
181600 91 D
181800 91 E
182000 12 1
182200 14 1
182400 19 1
182400 27 4
182600 12 1
182600 25 4
182600 29 4
182800 12 1
182800 27 4
183000 12 1
183200 9 1
183200 27 4
183400 9 1
183400 25 4
183400 29 4
183600 3 2
183600 27 4
183650 3 2
183700 3 2
183750 3 2
184000 8 1
184200 8 1
184400 14 1
184600 14 1
184800 8 1
185000 33 1
185200 25 1
185400 33 1
185600 21 1
185700 19 1
185800 21 1
186000 16 1
186200 17 1
186400 14 1
186500 14 2
186600 14 2
186800 19 1
186900 19 2
187000 19 2
187200 8 1
187400 33 1
187600 25 1
188000 1 4
188000 2 4
188000 3 4
188000 4 4
188000 5 4
188000 6 4
188000 7 4
188000 8 4
188000 9 4
188000 10 4
188000 23 4
188000 24 4
188000 25 4
188000 26 4
188000 27 4
188000 28 4
188000 29 4
188000 30 4
188000 31 4
188000 32 4
188000 33 3
188000 91 D
188200 91 E
188400 21 1
188600 19 1
188800 21 1
189000 24 1
189200 24 1
189400 21 1
189600 18 1
189800 24 1
190000 20 2
190050 20 2
190100 20 2
190150 20 2
190400 21 1
190500 19 1
190600 21 1
190800 12 1
191000 14 1
191200 8 1
191400 33 1
191600 25 1
191800 25 1
192000 23 1
192100 21 1
192200 23 1
192300 32 2
192400 32 1
192600 30 1
192800 28 1
192900 24 2
193000 20 2
193100 33 2
193200 13 2
193300 9 2
193400 5 2
193500 1 2
193600 1 3
194800 1 1
195200 32 1
195800 33 1
196400 32 1
196800 33 1
198000 1 1
198400 33 1
199000 32 1
199600 33 1
200000 1 1
201200 1 1
201600 33 1
202200 1 1
202800 33 1
203200 1 1
204400 1 1
204800 33 1
205400 32 1
206000 33 1
206400 33 3
