256 150 000
1550 0 1
3200 33 4
3600 33 4
4000 33 4
4400 90 A
4800 5 1
5000 5 1
5200 5 1
5400 5 1
5600 13 4
5800 13 1
6000 13 1
6200 13 1
6400 20 1
6600 20 1
6800 20 1
7000 20 1
7200 28 1
7400 28 1
7600 28 1
7800 25 1
8000 33 4
8100 18 2
8200 20 2
8300 22 2
8400 24 1
8500 22 2
8600 20 2
8700 18 2
8800 33 1
8900 18 2
9000 20 2
9100 22 2
9200 24 1
9300 22 2
9400 20 2
9500 18 2
9600 33 1
9700 15 2
9800 13 2
9900 11 2
10000 9 1
10100 11 2
10200 13 2
10300 15 2
10400 33 1
10500 15 2
10600 13 2
10700 11 2
10800 9 1
10900 11 2
11000 13 2
11100 15 2
11200 33 1
11400 33 1
11600 33 1
11800 33 1
12000 19 2
12100 19 2
12200 14 2
12300 14 2
12400 19 2
12500 19 2
12600 14 2
12700 14 2
12800 33 1
13400 33 2
13500 33 2
13600 11 2
13800 21 1
14000 16 1
14200 21 1
14400 21 1
14450 17 2
14500 14 2
14550 10 2
14800 5 1
15000 13 1
15200 5 1
15400 5 1
15600 13 2
15625 11 2
15650 9 2
15675 7 2
15700 6 2
15750 4 2
15800 3 2
15850 2 2
15900 1 2
15950 1 2
16200 8 1
16400 19 1
16600 14 1
16800 12 2
16900 16 2
17000 12 2
17100 16 2
17200 20 1
17400 14 1
17600 4 1
17650 6 2
17700 8 2
17750 10 2
17800 12 2
17900 12 2
18000 10 2
18100 10 2
18400 15 1
18600 15 1
18800 15 1
19000 20 1
19200 17 2
19300 19 2
19400 17 2
19600 23 1
19800 16 1
20000 10 1
20025 8 2
20075 6 2
20125 5 2
20175 4 2
20200 4 2
20250 5 2
20300 6 2
20350 8 2
20375 10 2
20400 10 2
20425 8 2
20475 6 2
20525 5 2
20575 4 2
20600 4 2
20650 5 2
20700 6 2
20750 8 2
20775 10 2
20800 12 1
20850 16 2
20900 19 2
20950 23 2
21200 32 1
21400 24 1
21600 32 1
21800 32 1
22000 20 2
22025 22 2
22050 24 2
22075 26 2
22100 27 2
22150 29 2
22200 30 2
22250 31 2
22300 32 2
22350 32 2
22600 25 1
22800 14 1
23000 19 1
23200 21 2
23300 17 2
23400 21 2
23500 17 2
23600 13 1
23800 19 1
24000 29 1
24050 27 2
24100 25 2
24150 23 2
24200 21 2
24300 21 2
24400 23 2
24500 23 2
24800 18 1
25000 18 1
25200 18 1
25400 13 1
25600 25 1
25800 33 1
26000 8 1
26400 18 1
26600 15 2
26700 15 2
26800 18 2
27000 18 2
27200 25 1
27400 33 1
27600 8 1
28000 33 1
28400 21 1
28600 19 1
28800 14 1
29000 24 1
29200 24 1
29400 21 1
29600 18 1
29800 24 1
30000 30 2
30050 30 2
30100 30 2
30150 30 2
30400 25 1
30450 23 2
30500 21 2
30550 19 2
30600 17 2
30650 19 2
30700 21 2
30750 23 2
30800 25 1
30850 23 2
30900 21 2
30950 19 2
31000 17 2
31050 19 2
31100 21 2
31150 23 2
31200 25 1
31400 33 1
31600 8 1
31800 33 1
32000 12 1
32100 14 1
32200 12 1
32400 21 1
32600 19 1
32800 33 2
32850 18 2
32950 19 2
33100 20 2
33200 33 2
33250 15 2
33350 14 2
33500 13 2
33600 25 1
33800 33 1
34000 8 1
34400 33 1
34800 12 1
35000 14 1
35200 19 1
35400 9 1
35600 9 1
35800 12 1
36000 15 1
36200 9 1
36400 3 2
36450 3 2
36500 3 2
36550 3 2
36800 12 1
36900 14 1
37000 12 1
37200 21 1
37400 19 1
37600 25 1
37800 33 1
38000 8 1
38200 25 1